y=m*x+c
m = 2.1987730104101856e-08 +- 1.7993409422329562e-09
c = -3.711778592522998e-06 +- 4.0701227758902813e-07