y=m*x+c
m = 1.0337131537465805 +- 0.06897150635789923
c = -0.0001356543470235164 +- 0.0010200304532242235