y=m*x+c
m = 1.6718077851877502e-08 +- 2.7565811666405184e-10
c = -2.5828700922794516e-06 +- 6.071264669588149e-08